location_1,location_2,location_3,orientation,distance_to_master,transformation_to_master,yaw,pitch,roll
-2.91535,-4.617675,0.100225,"[0.1383,-0.9761,0.1678;0.9426,0.1818,0.2803;0.3033,-0.114,-0.946]",10.7558710942269,"[-0.9793,0.1714,-0.1129,5.281;-0.1303,-0.9409,-0.3134,-6.046;-0.154,-0.2923,0.943,-1.798;-1.11e-16,-5.551e-17,7.329e-17,1]",-3.00929953307074,0.154579045985598,-0.300590966544262
7.33299999999999,-1.3527,0.095375,"[-0.008189,0.9999,-0.009482;-0.9999,-0.008086,0.01088;-0.0108,-0.01037,-0.9999]",0,"[1,0,0,0;0,1,0,0;0,0,1,0;0,0,0,1]",0,-0,0
5.706625,-1.406525,-1.38615,"[0.06716,0.9977,0.004361;0.002384,-0.004531,1;-0.998,0.06257,0.002663]",2.2006610590627,"[0.9974,-0.01403,0.07528,1.726;-0.0706,0.008535,0.9971,0.4444;-0.01539,-0.9999,0.007395,-1.213;0,3.469e-17,-2.776e-17,1]",-0.0706654716371044,0.0153946007785037,-1.56340011927444
7.53855000000001,-5.843925,0.4489,"[-0.04456,0.999,-0.0004368;-0.999,-0.04456,-0.005324;0.005252,0.001751,-1]",4.50980406766746,"[0.9993,-0.03632,0.009239,-0.4165;0.0365,0.9992,-0.01622,4.219;-0.01139,0.01657,0.9998,-0.1707;1.388e-17,1.388e-17,-7.026e-17,1]",0.036510829138815,0.0113893378410974,0.0165741497862438
4.3936,-1.329775,-1.38645,"[0.04626,0.9989,0.0048;0.002818,-0.004936,1;-0.999,0.04513,0.003038]",3.29186926323783,"[0.9985,-0.01444,0.05439,3.002;-0.05317,0.008104,0.9985,0.276;-0.01565,-0.9999,0.007264,-1.155;0,4.163e-17,-6.939e-17,1]",-0.0531980308511836,0.0156466919841673,-1.5635311372379
3.287425,-1.3535,-1.390825,"[0.07891,0.9969,-0.001315;-0.00424,0.001655,1;-0.9975,0.07041,-0.004346]",4.30992670014525,"[0.9969,-0.007792,0.0871,4.166;-0.0785,0.01511,0.9961,0.3112;-0.009749,-0.9998,0.0143,-1.206;1.11e-16,-1.388e-17,1.388e-17,1]",-0.0785766843967291,0.00974910295463752,-1.5564910586269
5.42115350013016,-5.9453423542249,0.705757833448099,"[0.9994,0.03133,-0.002061;-0.03112,0.9991,0.02762;-0.01025,0.02765,-0.9997]",5.01199441702134,"[0.0233,0.999,0.03704,13.12;-0.9999,0.02349,-0.008174,4.213;-0.00174,-0.03797,0.9991,-0.8261;-5.551e-17,8.327e-17,1.145e-16,1]",-1.54749943781289,0.00173963669794351,-0.0379844818067203
